391,3906,oL2nptAxUpgkGVE14p+NX13Vn1U=,MU37/ggp7D4WVIs1BxuOuqyvwLU=
391,3907,oL2nptAxUpgkGVE14p+NX13Vn1U=,MU37/ggp7D4WVIs1BxuOuqyvwLU=
390,3907,oL2nptAxUpgkGVE14p+NX13Vn1U=,MU37/ggp7D4WVIs1BxuOuqyvwLU=
390,3906,oL2nptAxUpgkGVE14p+NX13Vn1U=,MU37/ggp7D4WVIs1BxuOuqyvwLU=
